22756
24554
29926
11328
2119
15731
23931
20253
9255
26684
10414
31622
17914
21811
16543
4456
32598
30746
10727
8327
11394
23584
11983
19079
5621
17441
8426
25458
25173
25406
23462
1613
16774
26510
15578
20721
4896
20172
23978
28961
17923
8379
24902
22055
21100
23435
11413
28473
11448
9901
14113
14611
22899
11212
4796
19112
9601
25368
20072
21769
9373
14890
23472
16629
82
19416
32663
13893
11242
22915
7509
23539
20795
31762
31427
15001
331
28674
12390
13188
20707
6445
21323
5204
1244
2215
24644
10275
10052
24415
24431
9213
17447
9656
8586
23693
8243
19887
1530
7410
23364
19965
21498
23467
17609
25753
21325
30079
3546
9251
27447
6683
2108
26931
14396
5542
7667
21433
26447
25231
1204
20575
4277
18395
11268
2186
10536
28291
29975
32523
32512
8507
30636
20051
5869
16655
5008
16572
18823
20890
25738
8274
22388
1034
718
10764
25709
11020
8227
3232
27619
13463
2205
10406
30308
26487
14418
8907
8639
16402
6825
26758
15560
31430
4859
20436
23780
25080
5697
7339
13969
32144
27799
12191
28362
12872
22306
14496
1075
924
5043
11833
7440
25886
28736
26750
19935
6532
1607
14535
23486
12288
21764
10053
3339
25034
14518
6258
576
28482
6588
21163
14769
11995
3143
15683
2088
23245
32348
23161
24681
214
21948
13852
31694
25738
4962
15995
23614
5448
27620
30268
11454
27972
17726
11931
26166
29005
3555
18128
3413
9840
17070
32619
5291
20298
32535
14738
17339
761
10300
8225
27282
11238
25668
17105
21362
3465
20903
26042
17179
7557
11129
14398
12981
1001
27468
5482
25727
11411
7092
11901
18008
9987
22654
15983
20290
18994
13506
29323
31101
5540
219
29100
30920
20303
4688
11046
13089
1204
26421
5237
16440
3964
20085
8166
22249
15777
27758
21160
30838
31251
20560
3545
27101
18679
1389
28722
11342
26119
26472
12355
14707
29994
5539
16807
21005
21406
2003
6493
8802
9898
4518
25660
22120
15666
14588
3055
5640
7174
3095
22598
15694
24017
31097
26563
26641
22670
17892
4953
18056
14099
27149
10729
26273
21776
27142
21022
19340
22454
27255
12092
26253
23681
16047
9624
31595
31810
26686
21961
13041
3437
562
14952
19710
7823
21269
16893
2195
4066
19657
23436
13989
16376
12511
23536
184
21942
2479
25963
14169
327
3357
27504
205
12491
15852
4876
17938
26434
29704
25069
28198
10313
9596
591
27826
29103
31662
29538
619
29682
8439
21764
31192
14095
16300
28310
1480
29551
21388
21627
27404
24364
31406
31603
11884
1018
3578
2372
15335
23684
6732
7693
4442
15938
19910
26669
7335
7857
31872
18787
25424
25782
14796
21702
27464
21868
16014
30743
31580
16921
2421
527
26346
15917
20400
23227
24465
30492
27522
14251
19296
29142
6578
7492
15681
11540
3654
16787
28648
31563
18463
6941
26914
3097
27348
21258
1047
25221
15624
19704
10107
26980
9197
27289
22109
25434
18950
25254
25765
27380
4376
7492
2623
5674
3528
16387
27801
4637
21352
463
2564
361
24896
30717
21208
28309
10542
6902
23242
17130
8265
23672
11089
11006
8554
8321
31851
21696
9110
4018
18441
3786
26225
8159
29495
10397
30777
32332
32705
12008
13243
26010
7916
18546
11135
1871
3753
13653
25174
26472
20061
921
3669
4996
19291
9323
18567
26688
20966
25245
28312
29618
12689
29060
16566
11132
22735
939
10307
8423
5572
20157
9012
26985
7685
29437
14838
11660
2637
28207
2431
20655
13778
17796
26651
21504
21112
20121
17453
12291
11073
28265
14147
9022
28684
25555
25386
24691
6451
26602
4378
26588
9675
909
28405
28561
8348
27478
25351
29202
25468
700
6967
7650
27212
21908
1205
11876
28249
15737
11493
17244
24976
14882
8602
4720
13236
25178
2722
836
25025
17970
22226
25226
19805
13603
29666
29284
9064
27
31923
913
7201
24850
3896
10156
12612
30265
13891
31625
16186
25032
7257
4197
30879
849
32055
4943
2619
3352
32555
20019
8618
23679
2027
21929
15623
12041
15852
16897
25248
6166
7650
14606
30534
5165
28183
28549
11135
31011
17438
18452
30512
29761
13579
26969
19896
19620
8034
26767
13558
26175
9061
32340
18451
9388
9841
15090
19348
15761
29349
2817
6882
3738
19312
29949
17446
5923
2495
22450
25745
2951
27105
12997
1757
1026
2651
25604
15370
25013
12497
10423
20730
5143
23164
678
32309
18668
7327
8066
10037
21950
20926
18527
32259
29605
9188
8749
26706
9293
31824
27391
31160
29276
13194
1630
26616
9130
21655
26980
15151
859
20446
19978
5162
4606
4186
3842
20181
6235
4746
25530
2492
8931
7325
12460
22907
15558
14880
7106
31155
4866
7859
32539
24387
3621
28567
27089
27314
21838
3758
5265
7874
31847
21748
12643
10192
1823
19404
18083
26444
27473
30862
23295
20063
29785
4883
286
4152
10284
15532
5292
22739
23925
26711
13211
383
20355
22133
1323
8471
14637
25689
17334
32224
22540
11484
8038
8550
8400
12267
12103
17268
26276
18922
11726
2503
27046
20402
14775
27968
18950
23978
22627
4185
18157
30629
24090
6483
11501
4316
32111
7620
11076
6161
13107
26967
3086
16687
23286
22733
20440
2522
18471
19112
5451
16941
31913
32127
5092
11038
29369
16778
26830
28126
12852
1779
16102
16431
21569
8697
1504
2336
12677
9326
13798
2994
26188
7194
31355
32219
21667
512
10174
23315
28797
16229
140
4263
26926
29230
28014
17777
6203
11691
32001
28223
7099
6174
12849
18809
5717
1402
10860
30472
7630
16408
32632
25407
4106
8449
7944
18642
31666
4501
30372
7700
13408
25920
4450
3053
25883
22621
12820
8155
1813
15857
24831
26120
29804
3748
6208
25444
1337
14602
7173
28086
28906
21794
17329
13742
289
13352
2976
5034
12066
6002
17270
4267
13892
26903
24552
13916
25703
32665
694
28462
32161
27
12275
22336
11030
26394
7224
10985
26330
25279
26902
11906
24694
30161
22817
5620
27539
13290
220
17006
19633
30269
13204
28369
18807
16689
29330
28335
22210
1372
22923
44
30845
914
3359
17324
9138
14530
27979
24105
4919
31743
2258
29370
31195
28408
31721
26550
15605
17399
27262
10116
23628
20936
18969
13633
20455
13182
28802
12303
1710
30168
31726
14288
19389
11313
5101
22724
22210
16006
14873
17223
29976
15268
32274
5566
15721
24906
5793
9558
14244
15467
1330
13306
19713
26687
23748
8842
10676
23101
11925
4626
17246
30138
5398
8437
25286
23352
672
14001
20535
13949
4774
32284
9741
11599
23728
29730
25047
18509
21844
7670
9515
3770
4013
24104
19298
24639
31295
29687
1155
12347
30289
14450
6167
19103
7665
9495
22955
19219
15297
14696
12511
22134
1687
27526
8547
25844
5021
2182
4422
24549
24066
18257
3514
554
24631
32737
8326
18782
24758
24822
21163
26333
25621
23161
21667
15630
17587
9444
26261
18375
15194
8900
17877
13785
5437
13320
22860
30885
18421
8867
26701
19054
31668
24152
11883
6854
29461
5541
24757
32285
7967
932
17162
32623
16557
15593
16267
3548
21638
10162
18
13441
5227
8720
11655
13906
25769
16311
28137
18332
5661
22668
17535
22569
18879
17056
31651
27917
19907
21154
12556
24434
19143
26594
22916
13378
8567
25848
24389
4256
25823
8451
1093
20238
15286
3305
1142
28927
27701
5078
3182
2256
13774
30001
31835
20441
11074
14532
21667
13628
27671
22573
19169
5244
23983
11103
3608
22654
16583
16616
18522
10181
14597
32657
8738
14829
28194
19124
16865
5059
30140
13048
6577
2080
26474
3559
20210
24426
18458
16233
270
3260
29786
4972
7127
11964
31035
11949
20959
984
31950
20109
3767
9983
4138
27524
30406
22463
8604
7917
26989
25764
26076
5559
9207
15275
18746
31240
2570
2715
4638
14002
32608
22217
17915
20847
30446
18000
13143
8044
5585
18639
11682
14788
10032
12839
8008
31130
10853
22611
10656
6753
3272
4585
29907
4310
24409
21533
6702
32287
2028
6287
28763
27076
18476
17648
11260
4984
25218
14289
14036
28258
24136
5675
17777
6397
21696
22381
27480
30377
9159
15388
25833
16434
18739
31244
14126
23445
25249
12379
12879
30580
4369
31344
16092
30110
30329
12681
18166
16152
20848
32158
3112
11809
10911
17379
24303
13694
28094
28751
26592
30224
18199
21252
19604
12106
12245
25721
9190
11920
29237
4914
29975
13611
20287
25091
12047
11822
27432
19154
31586
457
20804
8046
29185
16955
19460
1127
27807
19890
12010
9525
18777
4940
18220
11907
27265
6550
29756
12089
22906
32456
6142
29979
19987
15307
28133
7126
14173
374
13648
23538
1817
25874
31062
23308
1431
1786
25885
323
12137
32277
4080
16252
27277
4842
19948
26787
18674
8114
724
3491
19041
6751
14260
3182
31586
17141
29396
10325
24130
15578
7383
10389
666
5146
8482
4358
4914
14185
15624
11938
16426
1996
16739
20585
15947
15791
1460
18883
32610
20633
3290
26172
31841
28172
16601
32247
26614
9741
27839
5705
32629
19979
3465
7699
26658
3022
23855
27951
2785
11116
8758
4883
30284
7501
10820
475
31899
20842
5087
4355
14919
19958
17336
28470
29127
30279
29564
6355
1731
25937
21296
13670
5282
4023
31307
27285
29200
25803
18738
17241
25754
6967
10895
24001
24277
15372
29324
1975
7274
15288
1862
8226
23070
13838
10657
5316
23918
16862
19416
7960
13290
11794
4446
3962
14282
26761
18007
23735
20181
969
32098
29192
10052
12568
22112
6145
6820
1444
2602
16409
573
19007
18024
25463
23663
17343
1354
21038
6793
420
24804
7196
12954
2431
22012
13834
7357
22702
12317
26779
22098
25058
9278
6460
16353
13214
25425
27837
2417
24924
31918
9197
19554
7925
20211
27292
21879
7546
27295
1829
24197
19588
19061
3244
20948
8341
20200
7399
7619
4882
2528
28965
29598
10463
28437
15934
6051
22157
31256
31787
11478
19310
7535
9246
4950
20792
31221
21495
3485
24780
16114
2810
14683
15970
22600
626
30943
27392
7905
23136
5266
8824
13652
32278
1253
21338
23885
10766
31053
30417
29262
30583
3787
31451
7560
12311
2106
11368
17564
4987
30277
22591
30826
1955
13385
19991
31353
24246
8443
25006
30552
30751
29653
18134
9563
426
12187
3268
23384
4875
2479
19786
13598
29359
12816
30381
3176
5090
31489
2624
243
10897
19689
16498
7125
26827
31563
22321
24103
4085
29393
28116
13095
843
30343
20680
29767
31211
12718
23520
20508
10842
25051
4836
7348
15928
4943
27456
32571
9728
1874
25038
17364
1131
8521
21741
25165
1885
2519
3133
29198
32172
27667
3382
20848
22481
31656
30441
22374
23181
18322
4762
32553
24576
7977
28271
32272
18985
7278
7805
10914
17941
11093
31420
123
2996
14671
4266
5801
2340
30617
2564
15579
13736
297
5220
2378
20100
26055
31503
13014
3904
13527
17275
2711
10426
21822
3330
3154
27704
7946
10955
17731
21558
7131
29454
26951
19609
15083
19342
32339
8584
12645
21715
11931
4267
20675
31956
25778
11393
4377
25346
6934
26832
24851
8406
9358
290
18747
12856
14226
6788
28861
7006
24725
23000
18922
23999
8242
28520
26637
15759
9157
13219
26560
25190
23342
12350
6392
6600
7152
2417
10190
22753
32146
17538
2014
9637
30887
26180
22675
26620
28849
19476
7834
50
8266
21484
21234
12067
3668
26056
22697
7821
13381
2078
17716
22428
13047
2851
8319
10886
6479
17188
30784
20390
15083
3910
32726
23727
26499
7349
23137
27929
20340
25753
18887
25012
909
12568
26962
6333
4562
22192
21891
13155
28925
19470
783
807
7764
9022
17584
14347
9567
9144
9615
7424
31034
28277
14596
9882
2628
2054
21455
12808
3260
1866
19992
10498
19312
26505
5762
8658
7643
13447
15049
10349
10999
6111
3552
12766
1858
255
11127
12303
11291
14375
10417
16574
12148
27203
2137
19598
19868
14357
26349
16052
224
21950
16101
16590
15710
17832
3715
4318
20236
9026
24965
20522
19040
23705
4920
27351
10782
22707
13225
18607
25085
19701
2392
24595
12961
22693
20932
7892
9767
4370
18087
17256
25751
30619
31973
27819
21370
7986
8936
2882
14914
2747
15210
7583
16086
5127
7765
13898
12455
637
3219
6091
5002
22722
30735
28714
25181
20542
30758
14952
1109
961
21414
3865
28258
14824
5782
5206
1413
26627
7769
26733
19963
10894
24504
10560
1417
8027
22072
10488
13731
17419
20429
14993
32035
7227
10171
3341
29493
23105
15240
11503
20448
805
2981
3648
22881
1713
2707
14815
7438
14834
23274
18398
12434
14356
10016
1159
11686
17846
14987
1330
7375
9552
9229
4054
6665
32610
26948
29144
12233
26177
10816
2685
7596
6716
21879
9214
4966
3347
25686
17678
11646
9083
14524
19318
2527
1632
10919
25855
1088
11787
23774
23498
1923
21134
6865
32562
20917
14958
23541
923
32396
21919
11504
30166
32368
1813
16197
5385
15811
3707
31104
19369
1439
764
3348
12250
841
23760
15184
13499
17810
26386
19175
4156
14279
11252
19893
32656
22666
8764
8550
15562
25633
9231
6028
8937
10376
11828
8805
4435
28635
24452
9925
15258
19277
25224
21660
11815
17391
5628
2890
9749
19126
24114
15577
8948
3356
24126
9403
24048
6936
8274
19003
26652
4287
8752
29640
13807
25216
25703
13427
25165
17563
4628
11000
15941
17035
3227
6416
9388
2467
3739
15990
13517
6330
27059
14188
431
32118
15209
6891
12974
10519
9573
11180
14970
17375
7327
26463
14065
14503
18621
5913
24537
19823
1374
1442
2223
8601
29868
14629
1064
16753
3785
9783
4276
29041
30683
30299
7540
20612
32397
9640
14098
8786
25241
2827
30378
20218
8130
26521
23309
6255
15164
3258
19701
8651
16770
14438
11109
20913
28764
31397
9384
4013
32239
1242
3714
13854
26369
11957
26561
15146
10584
21406
2536
1205
17582
1790
16012
3512
2229
7527
22483
13367
21775
11943
25714
8524
6811
18710
15035
2172
21276
3196
11851
26354
23549
19625
10143
9089
807
19001
6779
4352
30304
14259
8563
5560
30065
23891
25878
27484
29875
31522
9471
1000
22676
13479
24056
27561
31753
6963
2365
17081
22859
20977
31859
3364
9371
20648
31283
5868
21399
26386
1840
9961
24120
17637
22833
8861
9390
31704
24354
1643
7276
20092
13295
32003
30987
24422
24955
30522
9787
28562
12900
27525
25544
5202
32061
31482
6369
20994
27949
16932
16895
1949
13136
4048
15067
6256
6281
9286
13325
30371
1952
21409
15628
29773
12937
2206
12001
9795
15468
4646
32024
24171
12694
26078
13535
12439
28070
3070
1504
378
408
29023
1519
10703
6323
3694
21501
9603
12710
5853
24646
22484
32488
24260
19204
2262
9713
6389
26053
9182
15677
30713
14991
21064
5859
22767
2121
7543
16983
18704
19583
13415
23877
17644
28044
22497
26206
9474
28997
28512
10795
20086
2108
5020
24473
19159
5339
19181
6907
10267
29739
19003
7166
13164
20142
10295
6037
46
24024
31006
19943
15527
14231
21598
31354
6645
31501
19666
31602
20175
32627
10956
31947
31506
2296
29107
19189
6116
14495
19914
17389
7325
17146
16349
26035
7498
27099
17924
19070
18339
1672
10623
1410
2057
1678
17113
27083
25419
22968
5212
2463
5834
21637
7319
31556
19891
19656
28
5796
14409
26036
20121
13341
28210
28246
32468
6545
16906
24145
17351
29940
17674
18641
32336
2166
16090
31477
8333
11519
20157
736
24336
19475
9478
15304
23783
18866
5822
5372
20639
5062
24496
13148
24609
15767
1938
4756
4604
27617
24306
7584
8279
4266
2203
24852
5223
11694
31162
2431
24101
29838
27600
6644
22779
6238
20673
28522
7841
4443
10782
24656
19301
25488
7711
13747
28851
27969
10169
4651
14092
7326
20936
15744
26702
14601
6886
28533
20410
27264
22616
1524
31702
23980
764
17508
7678
5807
13994
24287
800
14820
9196
12090
15306
12650
20909
3917
23742
7675
2424
26797
28476
8523
24471
27670
7408
10412
11200
21570
11712
20898
218
19083
31735
9113
31391
25782
20573
12845
27203
27246
1207
17537
12458
25817
31265
2986
10500
18760
21842
17089
11891
24226
15666
25367
31429
13544
32148
31215
15692
16279
10408
3198
32169
30918
30250
12243
8142
19662
8556
14750
5746
549
20593
25849
25736
26644
701
11090
23042
24722
5370
8461
18301
1658
28571
20390
1981
32612
4807
27913
4751
8792
9365
21720
15862
29813
5928
25603
18864
29592
17651
20540
8556
18393
24045
24003
32036
31874
29313
12935
27477
1738
14382
25148
25071
18130
22197
3659
307
18607
713
14880
25620
23515
20820
16608
27245
11428
28024
13330
4102
16935
26409
30304
11767
29866
13994
23117
10084
7076
4091
24344
30045
3174
31764
14521
11739
10481
25602
30219
16852
18581
8583
1754
24080
28596
16143
13237
24251
16777
14429
5463
24098
20203
30644
22612
2514
9148
22311
16865
20745
10463
14588
7701
10507
22568
17413
30547
21228
21920
58
6344
22855
2576
24301
14805
17626
15578
7653
19658
26980
31969
7255
2085
32239
14157
4063
14706
5412
25279
26273
20067
16915
14855
3163
24137
4602
20635
9326
1161
21467
21553
21280
18568
8076
29012
6408
8729
23074
4412
31222
5648
4348
9127
14281
16187
32094
17030
21105
27176
808
16556
10700
25878
22791
13422
15102
29222
9719
20541
25142
30333
12561
32544
11807
24814
15794
4331
7045
12127
9327
10574
25114
7742
21879
11894
4844
18872
3021
12298
26670
30356
19056
24913
26062
3608
13621
22732
22245
29160
19471
20755
8919
30198
7424
31746
4464
31972
18144
30851
29196
29571
1136
11081
13488
3191
30546
3010
28095
25634
6596
9514
9633
4182
16664
17875
25507
12590
31569
5742
22873
15271
12910
9968
14427
7016
23382
6633
18648
6839
24724
4957
24316
15461
15363
4612
5320
8017
27993
24967
8871
10989
14488
297
15983
31246
22823
31400
7624
26246
13762
17875
22862
16340
4411
7465
909
16542
19363
30659
7219
18477
32712
721
11230
24601
30673
1005
28451
10671
9552
24937
19538
12114
14231
9122
5584
8802
3620
13702
12648
12048
24721
19438
30087
32687
17791
7586
19652
13254
13392
17523
13266
3148
28100
20851
6650
22873
17483
7870
8728
27771
19350
11595
13005
19736
23919
6574
5101
19097
20479
374
1185
30254
28291
9360
8810
29505
21098
23983
26090
8637
6435
7297
8114
16767
7274
23326
27701
6820
23390
27144
23306
32764
18406
24419
1153
29703
9177
4278
22442
26285
28113
30164
17247
453
32380
25500
31023
32205
14784
17896
6993
17952
30981
15505
6119
29246
9802
28517
26824
7086
27268
3208
7939
16610
3545
9658
9071
16451
29224
3901
13916
14336
14982
14733
27205
31326
7666
16474
10030
13305
19728
2794
12202
21261
11698
1944
5372
23121
23054
24384
2910
21278
18548
26957
28378
32348
28523
15395
920
20533
26599
27932
321
9430
365
19329
5064
11839
26781
15107
9867
27948
22322
3227
26119
12552
484
20149
17092
8378
2842
16131
10533
16492
20988
3018
7975
14409
18373
2047
3936
18124
25646
10840
15878
19212
5398
230
839
29383
12417
20528
10276
4507
2878
24284
30593
20013
11643
28539
11058
24528
26947
10705
25544
16285
25284
23470
11656
2961
30553
3214
1320
15818
19150
9404
26210
25660
13964
27082
10675
1066
20188
14670
2855
20863
19560
7819
13612
30980
4035
29499
10999
27709
3513
4596
24771
32595
23144
3761
10487
3751
31337
15148
25634
16069
18697
7343
18110
12760
21418
4417
11064
12219
8565
5713
15471
15919
27911
20922
26249
27913
6932
13544
7495
431
1919
14192
15041
6696
13619
8644
2567
29028
17382
5370
31716
20958
27194
11917
19930
14102
18929
7666
19677
29013
30613
17265
25721
1670
634
28121
32757
28548
16787
27102
12576
29742
29958
31384
18223
6088
22465
320
6125
24404
27702
18676
25178
1220
10837
15628
11875
5345
12757
681
8890
27800
11250
8528
9339
31775
29921
14927
14338
26110
8691
561
23709
12636
31328
25917
5936
13058
6129
28983
14102
10061
14488
9080
29066
32347
20628
22386
5353
18521
4884
12671
17737
31405
29632
3103
11939
2073
27880
4777
21938
5344
26351
2174
23105
12956
4917
5916
9735
12532
8037
5770
31292
21128
7900
22643
13669
14910
32669
18497
8585
28752
26185
26745
30581
1737
5300
10850
7108
4184
24154
9175
23070
20171
31807
8399
6560
29430
3996
7708
12283
9738
22101
16508
24625
5852
13083
25415
25094
20616
4536
12050
2796
2080
32472
17133
30531
6304
18436
26963
29365
20241
18290
28076
20560
31729
25517
29032
27029
26584
15875
31785
31006
27448
24980
5844
12132
1477
14536
23208
12607
10809
17458
25224
7448
17961
21576
14708
3619
16078
3673
16535
2608
20802
11350
31413
8777
15727
21197
26121
19775
28182
3360
3486
30129
11457
3305
4118
3356
29583
27277
1411
14181
28125
22338
6635
17580
13568
8313
29252
17669
15591
17974
30517
39
754
11473
6142
10521
9010
27618
20828
11882
12456
7412
2879
19252
16664
964
22922
9525
4217
7565
20764
3091
14111
26077
8677
14561
17763
31576
15423
6116
28753
31138
12685
22743
16309
16575
20034
21911
8766
8689
19320
6550
32576
4073
5850
6015
21253
13273
23906
10327
19957
31253
18665
18283
3613
19649
26401
26999
30010
26643
2437
3908
9031
1478
491
31405
16755
15914
31806
1642
22404
5287
32217
9773
12139
17516
5790
16227
10921
11925
12459
6846
24733
1878
19572
26620
31778
8422
6067
24052
30963
27039
6861
1345
28772
32126
3839
22279
5352
12679
6494
28548
26065
10031
32713
2191
2048
13100
21281
14249
26490
5309
13208
12097
30329
30092
9806
7143
9235
14876
23982
18816
24008
5483
13567
5726
26909
13259
31272
31474
24018
20544
29751
10727
23245
12246
1967
27737
5740
23542
6449
22464
19306
27278
8218
17873
10983
12819
16789
28938
19573
20352
6458
22269
30760
18902
24341
12943
12734
25788
20781
16901
19123
32381
25166
4594
21643
1198
59
9958
19987
19821
29352
1481
26605
9091
26027
3097
17289
3665
28342
4458
28393
3151
2151
8512
1441
3583
6163
4944
921
13951
10929
26803
19179
24934
7632
22287
2451
204
20818
16262
25754
18156
25091
17742
12038
18102
30981
2323
27648
20213
3747
3731
21333
6087
7255
26179
20419
21612
14792
16393
18424
27810
4282
29814
15496
29878
3580
14942
26563
23868
21909
5338
6002
13371
11369
15163
23953
20902
19089
15995
11395
345
5181
4529
10845
10203
27825
32320
6610
5260
11531
11715
26693
470
14443
17662
23762
2032
27809
1554
27731
31039
1163
16291
14116
21816
22625
10703
4548
783
1283
4089
22929
18399
23244
5305
2909
22473
2850
22679
11934
19380
24228
10817
5163
3683
11293
15869
1235
23094
5783
26500
26307
11488
27788
6839
22662
15233
4326
14019
30178
8803
802
14831
28446
19099
3655
21294
28507
31851
3975
29444
3356
3900
16165
3704
21124
25724
2452
29696
7470
13952
12455
944
17734
7575
8454
16333
23709
30456
29569
19946
13018
16713
20144
20432
32593
28146
24993
9142
17906
25365
25960
970
25976
22157
31164
30317
21988
23665
12542
2438
5869
19440
31017
7460
13304
25666
19772
11980
3292
20576
27331
19395
12668
17439
11760
7095
14740
28194
31676
31708
27490
29200
9108
22808
8771
16190
28557
4313
32367
5179
28516
1629
25421
21582
14523
2047
4155
7393
3860
12081
8884
18341
12019
8459
14563
30329
19760
6899
25631
29603
20426
348
4691
22850
4886
8968
5827
21640
21181
27318
2913
9397
5511
25329
16693
7557
1950
6740
22341
4125
30561
5078
5900
12256
9793
20186
8593
20476
8767
10806
24851
15427
22598
23459
11768
8616
9452
32222
10030
22896
18368
28627
10339
29567
3615
8873
7891
21599
12509
22657
16548
5288
10083
28405
29153
12478
13270
28414
25720
3874
23233
29559
13970
11694
9359
21937
24628
13352
8498
869
9960
32031
198
28406
13374
28206
19446
12716
18590
19573
13502
32565
8697
15345
19039
21980
28595
3690
7117
28707
20480
32127
9351
1000
14496
31506
23423
15340
31312
32201
5801
12198
284
17786
21438
1387
26417
24204
9288
2031
4839
3132
26900
25905
27633
24215
16969
21550
3456
22148
29761
25917
2249
21759
11740
24828
22444
2705
11130
7881
1878
23823
7705
18658
11540
9053
2599
32380
12788
17064
3797
12733
24112
7295
8858
16962
1692
17339
16112
12336
26603
18178
7486
24264
13716
26715
31139
7226
28882
6169
14307
18189
17987
25026
24578
16584
17288
11078
27353
22248
12904
10903
6459
18851
18896
16496
4702
6628
17643
26604
16701
6042
9178
9979
2047
8242
10292
30864
25611
537
21404
5646
9037
20505
7183
30092
10717
16930
10230
10426
22914
3624
14250
7981
9143
5068
9604
938
29387
29705
3939
15557
8808
28247
2771
8598
14573
23417
23208
16301
30825
12610
2610
14621
2755
2727
23865
5746
14958
18891
5165
32615
10295
13999
717
26900
15645
25318
28490
18078
31625
28021
18620
31960
20890
21795
10317
25347
31879
22565
8408
25053
11404
12194
3268
21146
32398
9996
7516
5143
1786
18494
15119
19859
19551
998
22377
23965
19296
17256
29005
28015
28329
1382
31502
11472
7338
19445
31682
21441
25552
27575
14269
6140
7658
12502
24706
18579
14012
20566
22746
14389
11920
25201
7241
30907
28080
2001
25292
17607
24875
14737
205
2513
25285
27554
32403
23893
29273
26047
4272
31811
4237
25887
16313
11589
22683
20978
204
10208
5996
7746
24120
21811
18048
17692
313
32496
28585
6772
5383
13605
23660
20279
883
28131
4631
677
21187
11945
3776
6270
29663
1231
29750
27248
24292
12976
4651
12940
12628
28696
15921
21538
25673
17817
4946
15406
1719
30944
16037
19611
6215
17720
22045
28256
27395
20909
30255
13062
3316
14098
8823
6027
435
9799
25127
15039
27715
2801
20766
6285
4221
28923
17633
8255
3934
20502
2258
14112
6388
21050
24987
18217
5794
4618
17528
26198
8245
11375
29003
28501
25552
8651
17328
23387
21289
28821
24669
3429
21340
24182
12495
16769
2892
20880
25195
27319
9404
31308
19133
1409
9777
24772
25411
7986
25567
30623
22108
29245
8969
28843
31156
22658
22109
26366
5807
15489
29380
13863
6610
1243
2160
22329
11353
11163
22946
14923
3380
2383
30700
19351
10164
29785
17710
19906
27605
17890
24175
2430
26481
18925
10626
4342
32194
19165
13425
20020
1881
32006
16652
4096
308
3406
26963
28218
8904
20574
24094
1078
3595
32557
12423
15184
30227
3606
16373
16894
3106
2163
30017
8961
9316
19273
20166
31176
12329
25009
19906
13707
7294
23999
2025
28921
30553
12987
21460
3285
16544
31776
4924
14492
7607
4356
23445
24999
31050
12981
10026
5499
13920
18880
13319
29397
30129
24567
27316
31263
7761
3762
32224
8712
9141
24643
26574
25892
19197
19310
31902
4651
17613
4594
25503
1304
27862
25058
14975
22462
16539
8231
20797
8273
10671
30716
24057
28485
25983
10529
15488
26651
17152
10173
28644
3850
10559
28206
19208
13183
21407
13640
14077
5707
16065
20986
31927
9723
7086
14351
27331
27536
23252
31066
23501
10742
1924
7354
9347
24400
11883
12323
14849
29830
5555
18559
21134
19402
4896
19048
4263
2786
3117
4106
14194
30440
10087
17243
948
7979
29352
18214
15308
8241
16370
2636
11495
9424
6955
23130
14829
22810
20685
10697
25892
23293
15815
26972
27603
30622
17806
28294
12702
15037
17771
16392
15618
21335
23210
29052
25734
19227
22114
22715
4779
1970
18237
6552
8205
14394
1141
16874
22055
1455
4142
11734
17151
26596
23375
31236
14824
9449
32375
13798
25062
9576
25474
20914
28405
1271
32335
695
931
28695
16825
22413
28731
3439
20323
15170
27708
6469
19300
24114
21835
31777
24649
22130
1830
3262
26363
2539
32441
22812
8587
21429
22017
4337
21467
27203
537
27972
14411
5751
14876
20897
8416
30172
32419
22650
9028
3613
151
5475
28801
13308
19888
25990
8925
9002
24252
5961
31089
18433
27074
9937
15985
9501
8673
16773
12289
9093
25507
12620
16819
12906
18124
32575
16652
21274
9988
649
28000
8982
14978
19590
28897
19321
26638
28804
12053
23368
26085
30944
8683
1636
25178
21088
3293
23245
2743
22984
32054
32000
4206
14472
28122
16542
13939
6026
2315
13600
12448
24553
5514
29605
9070
24000
13928
32602
287
18967
20915
30632
16946
22655
22012
22765
12984
23972
23805
5080
20955
11958
30837
12190
12032
14695
6276
27212
31925
6106
14894
4980
17468
32236
28474
23042
6844
3802
10568
23325
19799
15255
17381
12813
15065
8697
10793
10021
12457
11287
16557
22502
2981
24049
14800
18061
24242
7353
5410
31612
17390
16628
32023
3737
3250
20354
8762
14232
31739
7256
2504
10387
25241
2338
23081
32200
21329
14835
21895
19302
5222
5215
18462
20059
2203
25310
11498
30167
28453
5229
29100
32248
937
26868
17480
11741
22091
28215
32452
17751
2964
6
2105
20559
8019
14054
1939
30774
26388
22623
20090
5376
23593
19780
31976
28708
13690
17182
5236
27035
7675
17552
15014
26660
6448
9858
4895
12723
8939
19775
1447
15465
6435
18277
25118
1907
9822
31786
32513
5506
16265
7173
4025
31564
28233
24537
32299
4363
28551
29527
10329
330
1315
2431
27429
12089
31997
22520
32633
14759
568
11732
19295
4383
23573
8882
5475
24269
3754
5607
3606
22099
19714
30306
17629
11191
3111
2586
9803
18690
12963
8042
9698
24551
8818
22518
16661
21132
20047
32382
8085
17935
23907
704
8567
25008
27535
22443
16662
15333
5558
20139
9449
16363
20229
18234
23790
20425
23821
6298
30939
19227
1637
16003
10056
26358
16271
1661
7804
22357
21348
6284
23615
9204
4262
15605
4889
7742
29559
6438
2259
10802
3676
3010
11416
6441
2725
12283
25839
1321
340
28715
25397
24632
22753
13852
8422
22497
13829
21143
20720
4342
21459
20666
21037
15192
218
13068
3658
28820
29754
15289
3055
30584
13409
22142
22729
11117
25881
23350
16398
5486
11392
499
28868
31087
21033
31350
9583
6347
6220
2987
13220
3368
8543
19511
18613
31290
4529
2566
4342
29327
15013
9785
10737
9037
22059
22625
27581
31358
19184
19092
2678
23742
26554
1222
28438
9142
5194
15400
6365
25952
25170
5274
19784
17275
3073
263
30805
12692
27890
12701
27458
20525
6138
31479
25233
8472
6546
2009
25104
27020
26556
10435
27295
2440
25673
10086
31681
14685
18983
31450
25932
5979
2112
13930
23927
20640
19558
17015
14326
15043
25841
9918
11454
4830
31377
29866
1196
23678
28098
12340
6404
32695
9269
5782
7156
17210
12314
15348
11939
21567
1238
23179
12524
16082
8215
10837
1804
21652
21496
7279
12510
14409
25173
29909
23862
10401
31138
10249
8354
16354
29849
19590
8972
21202
25929
18623
24643
3561
3780
29436
501
1142
11694
20932
24307
8529
5310
16095
15728
24533
26750
13039
28187
25419
4734
17805
32467
8838
26359
21154
9390
1435
31958
6320
21737
46
24070
22655
11390
28687
21897
19856
31540
26383
9903
14385
27792
12759
4651
920
23591
5334
21620
29838
17571
25938
16054
25939
23092
29079
22340
5125
20827
29737
15170
11374
4140
32262
16973
29962
20498
2528
25148
16131
21546
3419
28455
4508
21006
1594
14144
10531
10972
8477
21123
23600
28177
27398
25319
26401
12934
16027
10051
10360
11565
27275
14399
4783
27005
5097
5368
28411
21671
10425
21629
11853
23644
2402
7011
25681
21672
19550
17005
23391
3973
24926
18317
13418
7905
19860
28504
23409
10467
20365
10033
3169
25200
13503
7877
1207
26523
18718
13858
21743
24561
11863
9213
31594
9640
23408
1266
4215
4412
1700
12428
27171
7494
10567
1872
14002
21472
11426
21084
21994
2212
17639
13720
15832
6755
18973
524
14498
1295
7369
16880
29819
23128
28816
22868
20840
22902
15990
10128
21865
9439
23802
15765
6887
147
7736
12957
20052
29800
4116
20678
28706
21803
15214
25059
31001
19648
6950
4589
19131
12469
7992
5182
25443
27342
21423
23596
26644
3754
1227
25013
7524
11115
26816
27776
11746
29738
25616
31365
28721
22189
4082
11064
7018
7774
28964
2977
32332
3983
652
5110
3003
3038
26594
24775
18770
837
14073
10579
10339
10037
20920
29773
25973
13632
16494
11318
3405
16408
3059
32254
30147
17736
8831
17087
24799
8015
15027
32729
10862
10847
15315
27696
15011
1866
5963
11368
23145
23643
16763
14357
376
1234
15874
31864
21669
5623
32592
1021
13425
19515
12883
6129
11090
23801
9543
31229
11117
18235
31159
30250
32065
19823
15020
11470
8207
15283
19980
13762
11560
23463
20911
27657
17550
18656
24882
2867
31506
7820
24907
2428
29633
3234
12625
32764
22551
29293
9964
22651
281
28430
13802
3048
29392
6673
31690
19156
13088
10585
17929
13946
3844
17492
1238
8319
5520
16933
7393
3147
7719
2054
10996
12271
22321
13249
23536
4456
6920
22298
30524
14686
20894
31484
5093
10798
14847
7684
30992
11292
20071
13718
6180
14108
1585
28466
31607
7487
12288
32741
20395
25621
13281
30436
18678
25932
30606
20502
9475
28263
24644
25654
10301
11379
28095
16258
24798
10567
2250
12184
6921
24303
8550
15470
29909
24056
2567
25817
5426
21200
1949
23465
22630
29379
10998
24367
32152
30113
31800
8022
32249
10668
1510
20308
15867
5439
20865
20813
6214
30873
21327
21430
8158
26537
12393
15614
20545
28929
13333
13956
16696
7744
19387
2578
2491
7884
17939
29005
29100
24194
7563
24897
32026
8238
2529
26203
22300
7022
23912
4772
27645
28346
26322
28286
4513
25703
6593
2443
21709
15530
29129
156
13335
9638
17001
10967
12739
15612
31128
12407
16916
11945
4508
28118
21818
11139
2108
11294
9682
7457
29427
11260
3621
20011
22891
29316
2313
28354
24721
24463
2580
7284
23554
29685
3975
7976
9490
29140
12578
871
801
12223
28357
14622
25527
4120
4674
22525
8873
8786
18754
15336
28830
1767
2784
23443
25095
21305
3183
20769
619
30614
869
666
27926
16168
7174
31950
24017
12754
32297
25695
2151
22094
12955
32193
24538
26396
23716
21806
32258
26356
25584
18502
1262
29279
29045
25639
24152
26234
11644
25759
11890
876
31586
31994
9621
28874
20493
12232
16796
29972
19837
2786
15175
20994
21973
20204
10878
29429
16032
15828
17947
23162
7897
10179
32307
30035
22319
9391
31088
21688
14705
11098
6237
29203
24808
3518
18120
11243
9838
27408
20442
22176
12153
29983
4287
31652
2794
13190
19200
22812
11420
9774
13502
5931
17859
16115
14602
19271
22947
18835
32484
32191
12947
2064
22816
19975
23359
1747
25125
25004
10938
20791
9381
1291
2644
16618
6371
18129
24141
11981
17000
14581
12436
25909
24509
26995
3803
30833
23947
13528
31593
17539
16579
13257
14917
23682
17219
12138
15872
29176
29995
17504
13368
31583
11639
11036
18385
21186
6028
25096
7877
11344
23438
832
30016
32031
18674
13831
21149
9713
1187
15170
28106
32616
23218
6448
5466
14816
19657
31705
23244
1390
13696
10861
27778
31651
18960
25554
1100
20625
517
12048
24610
23016
29803
760
6771
30911
14667
17598
16864
14899
17495
29882
8168
7493
9034
7269
21849
19179
8696
25559
19985
29903
10160
31634
13216
24958
32602
9731
12784
21923
25372
10936
10840
16491
32730
6503
4970
30023
11202
11958
25797
23352
9808
3789
9813
6736
5333
17672
12223
14590
27268
21422
22590
21877
19521
19735
7988
30657
29686
22846
6320
32186
25616
17082
19222
10571
21633
6651
11670
909
15538
10960
1831
2905
32446
11524
24736
24607
31211
22010
8649
24706
11938
4798
27531
15002
524
24377
17425
3522
25413
4406
10664
20895
30605
1202
32571
6133
31200
4532
2226
8781
2965
12491
12359
31660
18208
27206
7489
21577
15242
27790
9313
21285
14199
365
6661
21485
32710
1540
1008
27984
8629
13077
34
30465
27527
3325
12192
3848
18562
31966
30494
22744
22017
2886
23220
29707
29214
24757
27433
21407
16251
29641
883
9947
24673
21265
32252
32669
11705
7414
5684
21201
18922
1870
22566
11737
31986
9938
4898
10690
19967
4794
3636
966
24039
1853
17215
20338
2481
7745
17147
14622
2517
11677
30153
32254
11455
6174
1860
24365
5291
8427
19063
5704
2654
9206
11763
24328
16847
10426
8005
9335
10420
11783
25402
10275
29228
18799
17044
8455
5474
4280
1278
21254
23833
9528
8900
7290
16627
29430
29186
22754
10816
4774
3896
1247
4566
4782
7050
21056
28941
23566
4709
10644
7098
30668
7773
3961
28850
5066
30906
30118
24426
1698
24972
21248
4849
148
32521
675
8055
18810
32128
18940
17454
12887
1173
20213
27298
31214
26571
2814
4448
8370
21504
18055
26742
27224
16690
2148
31478
8819
16412
24041
27409
31489
16250
9037
11639
15513
4017
15926
25888
13588
3394
21737
12986
11460
4283
23209
15556
18496
7774
23290
2949
31937
3223
19850
28482
17521
28852
28312
17593
15689
24751
3919
25134
25398
12615
13172
19369
21855
13753
23239
23309
32529
2083
22948
20376
11355
620
27483
16343
30943
10356
16835
17603
31422
20685
1116
32291
23313
17503
30062
22798
16861
4794
27934
23817
19052
17747
700
2358
10429
10336
5250
16886
30543
13914
3005
25089
1276
32636
14486
31351
21856
19224
14622
1481
6063
2479
4416
15816
29182
27640
8969
15453
691
1141
32481
12351
9876
17429
17556
4226
1868
23513
17654
21693
31534
881
22207
5139
22670
20809
2994
17883
21117
7749
13281
20866
5374
7900
23878
8976
18417
17144
23043
17610
22288
26383
731
6003
10713
28391
14914
2661
25381
22634
17114
30274
4736
17869
5887
4945
27847
26615
19584
2630
21974
8512
3699
15331
28673
26184
6924
13552
24603
30898
14756
10005
27965
22546
3881
28721
15123
973
14960
29785
15216
22517
24512
9640
25646
17976
19061
27687
10901
19147
28088
24175
2966
8593
24718
17917
6115
30521
3290
12222
10368
31027
10431
24843
18899
3283
30531
29168
27913
5460
27933
13048
92
31207
23562
30008
26287
4384
14594
16605
12441
6203
13323
9028
12163
19435
24138
10471
24117
6930
5261
619
12236
7030
647
24915
29946
24880
31437
2483
13128
2725
27116
26400
21690
24834
11853
14879
12786
16287
31677
15647
13540
3631
32141
11623
16646
18349
4662
13430
29518
7075
7202
8955
23107
12172
2823
11391
29788
1502
1390
8085
30779
17000
26135
11117
13153
12911
21031
2978
6166
22951
30697
5323
16227
15795
13405
31236
28353
28275
25131
13629
21892
29052
19913
17599
27625
4276
14087
18444
4865
5515
27469
2583
20127
17012
1659
19378
2080
7274
10816
32585
9320
15170
17055
14181
4694
22772
384
24196
16548
26887
26396
9213
20926
1813
7963
2426
11183
17526
7545
23711
12310
29870
28601
26429
2513
3689
27016
3413
23113
13290
23677
6109
5212
17987
27247
19514
1940
13516
21244
14275
24201
30594
32025
24638
32515
31474
11844
2788
15707
4038
16712
9242
18856
13011
14415
1161
27066
32483
15626
31132
30006
8296
22901
29362
2210
1081
32039
9303
8181
4887
29834
15417
24596
13217
10394
1514
3011
30537
17730
16522
2571
27065
12303
11317
7727
30134
2494
21730
24930
1871
1381
11273
26587
25208
12287
8587
29745
9608
26908
27949
19461
17016
32679
25602
29264
14256
10423
6083
22916
13252
15749
8819
14159
11888
13132
10225
22784
3146
7485
8184
5593
230
4009
29034
6720
32278
24605
21525
23477
19010
3839
14407
18050
881
7572
7209
23808
5491
2775
23330
16090
260
24815
29174
1661
12248
14852
12761
22345
7989
16207
5100
32483
18523
3065
26850
32105
23688
7251
28424
18335
29248
1526
17108
21388
3733
19450
18960
1176
3087
19793
21797
26814
8666
7004
7250
16031
30724
9190
26422
16693
31299
28172
22048
21168
10115
8817
747
24242
7350
12800
27093
8446
27278
4908
32509
3213
18471
7801
24356
5454
3823
19033
9059
13292
30651
18946
16332
19155
20558
9711
24720
11101
3064
12785
19836
3623
4976
23174
31954
798
4771
31521
17220
7139
22014
10861
30498
5395
31878
31447
20116
14336
29550
25700
23970
17723
10189
16280
29307
20162
31067
1861
31393
17852
6201
21949
13240
20737
31825
15357
11215
14386
31145
5294
29255
6699
15404
10569
25828
29685
19658
27981
19747
4970
21524
11233
3923
17187
22422
19950
3785
14095
32148
20130
1728
12788
20422
4789
7743
17232
4886
816
9820
25768
8409
29467
31212
26065
26301
15840
17044
9431
4482
29378
32739
31663
3201
26636
848
23949
14404
6115
3559
4467
6065
31876
13752
10691
5869
30727
17236
6518
28247
12156
6081
8894
32366
9064
11906
3602
16991
20384
9449
3859
10494
5489
20787
2398
14903
11514
15209
12966
3783
5249
31032
19842
113
9498
16634
16469
22196
4001
14883
20141
6024
9859
2608
31004
30344
15085
18717
27208
12243
13839
24035
7261
13206
4763
26855
5377
3450
23414
25771
28149
12613
3722
17390
27116
28750
27677
22495
17704
32599
393
9161
11547
24665
28656
4545
7024
20512
3472
24132
25733
16621
13943
23451
12633
6189
30504
8061
19956
12350
18119
9032
26588
18143
30530
19188
17126
9536
66
4021
10053
24367
2286
22
20835
11706
1992
6698
31614
23481
28931
7764
13760
10742
13180
9229
3501
27861
16865
17271
21902
15629
32226
2194
2044
8567
25255
19315
27861
21909
11178
18475
5019
814
29955
22800
19691
3645
7822
26586
3014
27819
32233
15898
1257
26568
1970
27208
28933
5648
20585
19854
11411
75
18429
4480
8475
4192
31127
11185
16627
23359
26677
2163
22065
26793
2771
21512
1920
29139
30786
20443
3540
14564
4879
21424
23979
21647
2233
5024
27068
9415
21745
113
13691
30712
17042
9487
29352
8535
15785
4560
16780
4519
27747
18729
2567
28164
6121
24880
3756
18351
18260
28934
2327
1351
15265
28803
10510
31775
21712
18234
7865
8871
17324
27127
11386
4646
27166
11729
4602
5798
29942
14644
6428
1936
27301
18110
8471
13068
8522
18593
21582
6725
9458
9161
21486
12858
32352
12414
4896
6454
8026
17230
28316
8908
20141
30733
16885
28102
11801
23200
5746
7226
26145
17796
23065
7181
16851
687
2636
8539
7643
3926
5606
7375
7003
12702
26251
17715
6942
21846
24429
22431
19981
9068
13145
23973
7943
18780
23829
31563
30257
30627
27420
28039
28255
27125
14622
4530
2302
26517
25291
19125
13344
20151
10546
28646
15333
23230
3478
8801
25879
19937
26771
28015
844
26103
31488
21911
32188
1394
3590
7752
23759
23422
9972
627
18790
15457
17848
25661
15245
27183
30828
18352
26549
15096
17817
12148
24499
18552
20223
12896
18007
24625
4689
13428
18265
26303
27218
13610
11080
9388
30242
2650
4190
12957
31812
12600
7295
32490
1967
18554
12171
8226
6667
387
20855
15264
10150
13186
28996
19082
26516
10035
1759
15237
27869
7519
10253
24925
17478
16727
1566
16501
9466
13375
12345
15512
13087
15300
4342
16626
176
19427
21078
8306
16065
12914
14897
19770
29181
10698
28335
17239
23747
11250
1360
26772
12271
22373
13714
32682
14139
17424
18749
29661
10971
3635
31676
9458
5735
27682
9473
13060
1015
29026
4630
30045
4486
15816
11099
20582
22767
16189
23076
7318
17821
8910
2969
9182
10956
9247
24075
5737
27495
1301
20777
23453
13506
32722
31430
7329
5878
8239
14955
4116
25518
6353
30376
3184
9649
15502
13015
16573
29030
9411
21214
1798
28332
31094
10157
12676
4554
12861
30593
13302
30833
22615
13614
6655
12467
19778
5645
17982
13878
3266
28551
17817
11323
10609
18417
4913
12213
4377
17410
1865
7884
6028
22536
8293
23292
11014
4129
9498
30877
32576
14218
649
7414
2737
9187
31090
16104
31823
30875
24946
30381
22008
19046
12776
9872
7672
16873
25659
31859
5358
4459
27602
18578
640
3449
30835
8124
19147
24404
1843
18706
17439
9055
18335
22752
6191
17372
19470
4324
9487
20967
9296
23095
5012
2652
14643
28851
4
6433
10131
10046
881
13696
10470
8675
31211
31394
32474
1840
5250
4670
15232
23084
30710
1076
17982
18571
18034
20548
26487
4272
19519
16015
21036
25080
15358
31216
2562
5127
5292
30810
18491
7475
5574
25146
31365
24295
9411
12360
1566
10117
22570
30259
23558
20819
3105
14412
24610
15365
23519
2235
10876
7306
9328
7309
4933
23674
2123
2103
13154
29384
1460
16978
12773
716
32761
4109
13803
5592
6564
13529
25492
21185
26647
9951
22608
27933
5867
30348
21180
101
24207
8941
27587
17037
20722
28452
32675
20653
7436
12556
2426
24795
29521
26747
14021
11334
31197
30423
8526
4893
25911
16506
20761
5102
17310
5515
16272
22724
29784
27405
713
27553
31159
29100
30645
14526
30474
29278
13403
14356
17669
4914
26053
13936
26258
27418
1225
7687
11774
16308
15357
18544
31776
29989
15646
10334
17924
13763
25394
30241
6021
16579
16418
4787
11440
17322
8042
21043
5170
27525
18022
4217
15001
3418
23466
13943
29082
7757
17163
2826
28035
25629
11457
15285
29299
6466
11300
7569
8550
22330
5771
24637
27055
6970
3050
3926
17602
2183
17225
24527
14405
9392
2035
24101
31028
19070
18026
8951
6118
9705
1642
19977
3988
9946
28354
30301
8673
13491
20334
22369
16257
2758
17805
4711
18131
3744
27122
4690
15401
20903
16967
23333
14435
6103
16225
25488
12981
10633
3278
12074
2758
6760
21632
7273
8176
6635
18844
12604
18036
18345
3974
16000
22320
12943
13238
5981
27506
6251
15288
14858
16091
7430
18634
18064
6388
32526
15126
27211
20674
3931
5976
3082
22608
24089
27298
3979
2783
22563
15171
23412
310
1322
29631
15741
25639
7466
1527
2435
30454
2093
24684
13214
19813
106
5287
8945
9772
30378
25527
21203
26468
5253
24086
16017
18640
32670
7497
10946
121
7874
13469
14387
27194
1074
9218
29451
12502
7208
25106
23578
21028
16886
22226
23475
32335
11720
24959
22360
27718
22268
16457
22682
15006
19900
7621
27891
370
7162
31765
14563
29322
18393
31788
17966
7627
3813
29979
6678
4060
1234
17737
22245
19771
16671
5408
21395
29769
15649
7770
26507
18885
28804
510
13885
27827
4866
31680
29335
14019
15090
15354
29665
27262
4118
25012
24077
19848
6493
11510
21289
20228
10827
295
18072
21879
27541
1932
19846
5494
15016
8796
26765
4984
30272
21922
26153
19687
14510
12524
26961
16166
14832
14895
2025
10764
6179
7033
6670
8334
32173
19801
13510
5699
19158
1634
19256
19445
26689
18354
31529
28833
5392
4830
9573
30628
31362
15071
27399
8407
32164
6732
19368
5498
8698
26690
5618
5232
30098
18103
23839
31806
3392
24775
20731
28649
17332
26653
3899
18372
18408
13015
10245
24585
5725
8274
20472
10670
3066
28044
8016
27732
1788
25069
25256
7552
25047
20388
12203
12948
1762
23645
16919
25543
19410
21123
8210
29916
15908
2099
30792
20068
20071
3715
3343
29425
20716
13661
28011
19422
28325
4660
25109
19339
755
27643
13792
2875
4667
31310
26127
8055
15266
24450
32630
6556
22695
28361
21908
14897
10667
32471
22476
8919
10037
19707
31612
32001
7494
28533
12694
8351
617
32032
14820
32527
26692
20143
2227
5603
19570
24721
26730
1997
15852
27809
29052
28488
21711
7221
22750
12876
32017
13498
24546
2613
4079
31516
25034
29942
25941
3742
7171
6039
26910
20545
19829
27293
16974
7066
13812
17264
22576
6232
21560
29525
13852
25497
11045
13488
27903
12134
7746
16355
15955
6942
510
14323
31993
20983
4260
24158
12693
13282
31132
31562
20610
5179
13605
24899
20058
7421
32611
23641
7332
31932
5119
12360
32176
1723
26533
10683
26414
27424
20491
5208
2771
11893
30167
779
19422
12588
28486
29482
17872
1074
32302
10561
6527
6972
5594
6941
5048
1348
12262
20027
22104
21026
17460
19553
29995
20712
2113
28383
3789
17690
8178
1485
2179
28036
32540
702
5306
1832
9600
27940
901
31361
31019
12153
4964
8058
6024
21780
15219
22669
7697
17300
19152
13098
31501
13008
1615
30728
6061
8240
5315
20037
12901
22728
27416
17286
1570
3183
27382
2106
11452
12354
2910
18277
12455
11938
2249
13970
28925
22803
18884
30802
27141
3648
17305
10408
27978
19819
4782
13865
20207
20274
25467
27165
29600
25967
23851
7240
14166
15979
31698
25616
12104
25034
21776
24595
16406
4055
30097
21207
6446
316
2030
563
16677
26364
6014
47
11242
21997
1440
19569
3919
11816
29733
12273
17548
8253
17981
18926
1340
19727
19528
27808
1238
11107
19309
31390
10589
18395
1332
32005
18510
12190
24934
12850
28556
320
16703
4607
15253
23089
17148
12314
13318
25051
10647
31109
10426
28908
20037
4014
28130
22444
10398
29231
14603
19691
25898
25693
19354
25276
32411
19314
1300
16982
2582
10106
16353
30734
21297
3159
6270
8557
28792
20138
26819
26232
2907
16753
17440
18913
4877
8240
2641
20940
1043
12890
13197
31088
29912
15581
16718
4377
28224
856
17571
23130
12418
8940
6888
29211
1513
10197
27923
2103
18056
17481
21906
21449
25095
24544
20921
13776
21350
10131
2658
29666
6598
23490
24302
27789
6280
3145
25329
4425
10168
23387
23859
25577
1173
19924
10491
28256
18583
22804
8229
19263
1564
13226
27434
16158
29280
24682
20115
14625
11908
5247
19213
3103
29162
24183
3228
26619
14668
23440
22727
8315
12155
3570
13312
20610
1488
20860
16131
7737
9397
23023
12201
4844
2439
5813
12466
9871
1080
17727
4035
21566
12811
22901
8725
26022
19837
12967
16717
29223
28007
12434
2748
28155
15484
24563
32280
21475
14309
3803
17824
13348
27619
23666
6560
2886
27393
16640
17840
23956
21124
23250
16030
27182
6978
27547
9897
25274
14528
21366
12138
21657
27957
20489
24921
4346
5649
4127
12183
13778
18284
6506
19677
14770
21594
5666
28522
12280
15778
3635
12303
17328
8716
9246
7527
30739
9476
26694
21508
26616
25721
16704
32709
24742
2893
28593
24397
28127
25209
9227
16155
3947
30150
23636
7706
26328
30409
31264
27138
26042
6826
28491
30099
25945
19206
28764
24570
24333
30931
13864
31768
19545
18756
28451
17863
18201
5057
25457
18297
29313
16434
20832
31264
24731
6025
11761
26970
2562
11686
7893
9779
6066
23300
12207
29508
457
10107
14089
31848
22922
23689
11992
16887
13735
3107
17705
7370
13699
26489
27169
18459
1072
482
27574
24014
9878
10468
21279
30133
25563
28131
10141
2300
10148
18323
31895
18470
4689
52
21165
25695
29433
3719
18907
20053
19895
7437
13410
25820
24270
31688
9606
2785
8241
1227
12578
25011
30566
29344
3085
1819
20658
5166
19140
32131
9135
911
280
15259
883
17460
26299
15570
26798
21771
25938
29322
27399
31505
23622
20460
29286
17649
11085
2222
17828
21826
11989
24525
9433
8768
9949
5510
12316
19323
31154
10289
10052
8616
26760
28981
4272
20028
2945
27517
12810
2942
23669
30962
19953
13456
9472
28610
8106
8005
31296
10308
30862
4082
5338
18564
12313
28043
13364
5897
20988
14152
21866
23103
28959
20973
14315
12575
6464
18305
11635
17113
25123
15593
28088
19615
25545
31238
4222
6285
29983
30890
9488
7996
17888
20114
18482
11102
22782
20018
12774
1809
20138
5913
26005
14919
32435
12990
1178
2947
28659
20998
13145
3096
15266
30576
13361
4496
10159
6782
32047
31613
27635
23742
11137
219
13193
9894
20722
8291
11448
23979
2946
9342
24653
15945
5962
6651
18031
12930
10922
10651
7073
29633
12613
576
21368
6545
31324
22372
2615
3976
2715
26851
26440
17235
8103
28219
11815
30772
6111
5615
20120
20234
4390
23487
12354
30897
2214
29574
22314
13841
9119
7075
1530
26909
22031
12595
1230
4316
23948
28953
24264
13266
16311
16346
5677
5936
11968
24823
3000
9264
3293
9739
7709
29976
20181
25232
21537
23979
7851
16885
20323
3062
25807
26093
11422
5181
21332
13679
12602
28214
30655
15222
21157
23890
28625
25455
27753
31582
25690
21259
26148
9195
3744
30282
9539
32525
31173
17884
19960
18061
16238
13115
1192
7015
13746
24094
23845
31753
17214
9413
11788
12668
29779
24108
29872
11432
20355
3418
4589
27792
26768
30961
21627
31839
16476
396
11707
11384
667
1992
17663
3032
29996
25270
20003
13344
24294
14717
16847
26431
13998
18809
25165
13833
27667
7110
19344
20059
9118
13892
25735
6619
3429
22217
12211
11750
18003
11949
15143
3951
5701
15693
18605
7228
1136
23984
7895
5006
32502
19561
28413
25109
4411
23415
19542
12445
25289
25290
17615
30643
20780
8498
19999
18193
22205
26278
6130
657
16390
16578
14582
26454
31696
379
32115
19522
21427
31933
17107
18669
5638
28241
6422
32538
22407
27603
25213
23137
9560
4631
21508
6330
28397
20360
14373
28158
26906
9522
27799
21813
1154
8671
18951
19103
9336
1739
24452
1712
21988
80
5380
27138
21944
26686
1861
18802
12352
15745
24043
18802
5932
3803
20103
17779
13550
5761
28352
1821
28356
31076
6908
22607
9966
18070
22158
16833
7257
6659
13811
14942
30669
22089
26182
19975
6121
28341
4786
32207
19497
7112
30156
3547
27136
8594
25448
13906
14882
5019
31867
804
25310
1894
862
28213
25460
3762
3576
21415
11652
14089
11933
32427
7903
27515
23608
13220
11878
22316
14848
15814
29166
24974
16101
29926
2047
3533
30523
30225
26878
29381
10311
17566
26302
1828
11762
4512
17544
20964
15457
23385
30601
1000
32710
5019
19708
9548
30576
15553
16756
15823
21409
17107
1556
13944
32225
2073
26936
26587
23732
4365
1758
1420
8779
22967
8693
3254
19242
14618
26424
21089
12052
13448
27963
28041
30674
18855
28025
32593
15760
25784
21709
8676
14462
13231
16091
15612
11869
5592
5207
10085
23745
17232
32538
31540
10533
21416
6454
21992
30576
20590
10852
6196
29278
13373
19415
17569
25648
12930
23082
27179
4840
6590
30490
29359
18467
19683
24233
25368
2911
15357
29121
4054
20684
14329
32151
22527
7266
19269
27118
23572
13996
30075
5675
6441
22534
5654
6720
5493
19217
9258
24676
5491
23541
29448
21873
7259
9983
20316
9212
3862
31437
4165
4819
22652
23359
7314
2443
12203
24218
29124
13444
24104
18661
8857
26923
3244
19068
8686
20557
3715
12587
27362
12312
7900
12052
24823
26427
30741
18415
196
16403
20431
19376
25290
2042
19704
11690
22180
5549
14272
28198
349
5491
4578
30781
5792
15286
2801
27424
10965
28099
20952
5475
2304
32073
13948
18547
26575
11962
23291
11852
4094
13020
27266
22261
3708
9192
13623
16351
10
27948
32234
11383
4843
10687
30622
15168
7661
27277
1990
2385
21437
18591
27799
1120
22626
23199
6700
20564
22031
5624
30990
29435
23987
17491
31163
11632
29346
10801
28678
17336
15603
31389
6193
7304
1491
15466
13944
1902
25123
27243
21863
10617
26046
16746
28602
1406
3615
28981
14531
28722
31023
21251
18081
8477
23047
27034
780
20440
27146
6328
11659
26996
2476
9785
15841
5118
15699
15643
11387
19054
9682
3683
26516
140
8683
26936
17987
21905
26231
4497
9574
24715
1174
26108
8702
4932
4590
2587
30131
26540
19117
387
27335
27257
32665
15056
17005
4270
2663
29270
7994
29536
21172
4493
3403
373
16864
25760
9487
24318
27623
11548
13651
368
31468
15818
15380
31773
12552
24742
8729
16283
32488
22291
17680
15227
18488
2683
17829
9977
31825
26233
18278
4329
20195
3166
23938
7984
10185
3332
10497
22248
19901
11354
2253
27008
30744
2700
28312
29938
11679
12792
16623
31868
19555
29799
4937
14161
14053
29522
12160
26217
15843
20937
18890
18923
26026
24201
27449
21303
7189
10396
9425
27120
17256
2733
20552
3365
24297
2301
11483
11200
25102
21630
16827
19778
6868
22400
7599
23577
7098
6594
14223
3799
130
13744
23640
6961
2907
5491
26805
1440
25324
14351
636
27268
15950
2135
9020
29772
29037
32726
21142
31300
22190
19459
25202
4068
29121
24831
4503
7891
17523
5089
24959
24655
22126
21873
31394
2558
31099
11196
21229
11252
32483
13025
19654
1795
30866
26726
24119
1396
32481
619
9320
14730
10969
16828
28177
25985
31754
19909
22776
23785
15907
1557
13373
22995
4069
26544
1361
13449
17086
13213
6822
28694
8371
8891
31881
10116
16935
1699
29775
23492
25507
30113
6779
18670
25634
19567
16214
2439
16283
2904
26292
26533
4464
32695
25573
9466
19999
4958
337
1515
18980
17137
3881
19769
19116
14678
20464
23978
29448
1978
5972
32582
7042
18474
1910
9196
12032
1525
30341
29569
28858
4733
19391
7817
19234
32236
20848
29931
1670
2865
12845
15843
1530
1844
8128
1882
12560
10301
26908
21789
3356
29726
32210
5471
2593
31113
10779
223
12925
3926
4534
15371
28568
8160
631
28797
27009
3498
19545
3910
1289
16830
20340
5532
9139
16909
2854
25755
28140
3017
26885
15071
1991
15218
11
17021
17727
12601
18027
27139
32636
31548
25722
9661
5130
6616
2357
10000
14621
12796
7856
27219
15290
16907
23886
20814
13382
18806
17178
407
1226
29729
28046
32431
4870
31822
1087
13617
21221
18709
29519
17776
16516
16837
9400
21319
2229
25662
26767
26951
6615
10281
1687
4302
31214
4311
20484
26036
29836
1335
28823
2849
27127
8364
12930
16308
17706
589
30756
3003
31360
18968
16935
30234
29106
1000
28658
12755
11328
7324
17029
13496
590
28813
2347
9832
4290
9998
30266
31659
30065
16209
4248
13119
12334
29814
6529
7337
32084
4321
4836
27888
10277
8787
14326
1158
27586
6503
8922
7196
3515
12685
8092
12760
15729
29072
6205
29891
15094
19852
22517
29637
5527
28755
1316
8224
28537
16219
25963
12356
16162
10906
22555
5983
11235
911
27704
18906
22782
5264
8586
25605
6342
14302
28101
6200
29465
5821
11254
21811
5694
6554
420
14241
32229
23434
27998
5062
14576
28804
25758
23738
13474
28074
9925
18406
13746
6198
22444
24680
14181
24364
27263
25184
6913
32161
15415
2830
31055
32535
21055
31325
23656
2788
29437
20646
20032
20023
17238
11609
30680
8990
29449
28720
6367
31594
15717
28047
30430
17335
25399
10780
10268
11566
10881
16984
17359
5760
24195
6451
13045
30826
10544
4025
21661
3318
25673
18719
29598
2154
32479
27313
11776
29917
29829
21087
23212
2327
26253
26682
31852
20081
32087
3301
13389
16680
21082
16912
21221
19889
25168
20205
21025
6177
22537
7319
29929
25184
4798
2290
17290
24155
18829
30249
10049
30089
14696
32541
32213
25106
15705
31253
23415
705
18467
6716
85
1550
29681
21040
4343
23407
30120
24627
10595
14521
8633
18191
31020
13436
18629
6870
3975
16396
6614
5610
8352
22451
24391
7812
13212
31649
14709
3794
25662
28405
19821
7243
27201
32647
15926
1176
18356
26612
3409
1724
31365
7383
8609
7075
340
111
5604
13601
24291
24391
11905
21410
11646
26525
1021
889
8338
18581
17711
27471
4256
15232
25762
9459
27237
23455
13965
27364
19127
9492
1237
695
5078
12707
20960
5443
19185
27763
3842
9773
22727
4870
22670
20458
24922
22366
31174
14084
4515
3823
9516
9569
26184
9476
29368
17460
29318
2283
32253
16727
20191
15809
22531
9938
25600
8777
5369
14521
31399
16668
26291
14728
23900
31181
24164
23820
1082
13082
14186
28153
13613
15392
12410
8046
22946
19585
19161
30405
22273
25809
7703
23898
29764
21957
30123
2268
13006
21512
13601
9179
27392
4596
32510
1675
7056
12929
17277
28480
21385
11194
28444
1644
5511
23347
10802
15533
13156
24247
15858
28108
13484
1862
21813
22190
1390
837
8533
31394
28982
29330
24931
22370
17086
8974
6894
3430
1509
21596
15282
20076
25982
5608
9701
16141
21598
24993
4393
28966
5064
8456
1126
18430
21950
1341
20602
23034
30405
26427
12388
10821
30617
3864
4975
28892
3582
52
26378
6833
10411
32308
21966
4509
23306
11549
8762
8588
27406
2204
15356
16175
25108
5900
30905
28533
13122
17520
31232
10488
15496
23372
28648
21278
7951
26828
24700
14779
18236
5904
1326
14914
14899
14980
1639
26436
6142
21998
776
29078
30662
13158
1815
998
3403
2435
30610
15840
29238
30328
26101
30298
8884
26323
25143
27018
955
11928
1926
30923
6572
16164
15662
27062
21462
9559
10409
17973
12341
30209
22230
26707
14708
19982
26664
25718
16745
25036
15309
3262
5707
14373
18943
18630
2557
2055
15379
9281
22845
32246
28451
21280
8666
20224
14334
15222
10999
20346
2317
26232
27809
18240
19446
31069
5919
6787
27183
32611
3799
6823
3160
28733
30769
24371
22362
3148
10686
14759
8015
30766
17642
10514
7476
25841
29392
24046
21140
8357
13005
28282
12336
31940
19031
15133
14049
6000
1007
2023
31187
2293
3776
11655
8867
12748
15533
20881
21684
1075
3663
29572
28087
10343
17635
2382
8876
31752
29743
12755
22572
9795
1830
31991
8214
24716
8274
25498
9048
22433
17056
22447
3323
19778
28117
20998
10323
10702
15958
8063
20504
3586
11824
26356
4989
28631
9183
25219
13102
10137
24451
9719
3476
20293
30666
31039
15979
18607
21931
2615
7200
28332
24589
27152
2741
22708
22184
22029
20246
16238
9473
1655
19621
9740
30786
15275
763
25458
1221
17864
12518
21848
20969
1513
15249
925
6767
31643
8960
13162
19802
18597
29324
26269
13330
28206
1583
10795
25922
19799
23281
16515
20104
21184
11913
9078
2100
16536
24088
23888
24300
8840
22449
6497
19199
3273
31698
13238
3307
2253
22050
28519
30633
28789
6227
16465
23217
22444
16003
20149
31047
15787
2132
30721
7484
20287
28782
12135
24458
12093
8938
24716
12971
4789
17222
1562
1613
14569
18874
24758
7103
17476
17413
24038
31283
18187
3107
1453
23389
1590
4491
29402
17694
8696
4123
757
21113
10407
7181
23730
32400
2737
15531
23883
16873
28127
20964
5932
26686
25008
4908
28381
31555
15410
17992
21187
29418
8487
604
28396
20275
4441
25942
5511
21096
31554
26629
3012
32506
610
32189
17458
754
20549
26978
6199
16517
16608
11078
5287
23082
18999
1322
28022
14030
9659
11194
21915
31129
26679
10135
12566
32502
17767
5566
19249
9875
26601
4319
18686
30859
8389
6742
12101
4023
17683
8832
23560
16376
8167
17375
8683
28540
15286
22221
4081
14194
31535
25978
25765
27481
30737
25986
16332
22102
25519
11099
18621
11830
18891
2977
27439
11376
28211
11015
10884
1965
13892
21670
29391
6383
5060
18932
32416
23534
695
4036
12130
24966
1351
14137
12277
8977
17548
10586
20889
17603
21907
10621
26530
13500
7109
5704
23232
2658
13902
2302
17001
7285
6951
10620
32183
23927
27401
22014
32730
1161
28127
6181
15444
18811
31075
19338
27113
29366
22062
30569
23566
11249
10407
11228
1241
1521
15405
2336
16009
18471
811
8529
26803
10147
1799
19899
4007
12398
3226
3660
8957
16900
27427
8522
28054
1841
20052
28758
3166
24659
4310
8820
28820
12959
2885
10167
4407
13522
15252
20867
17666
13716
17547
21669
23710
3929
18243
9803
1661
17186
